-452;92;287;1615552951048;world
-451;94;288;1615552970943;world
-451;94;286;1615552969346;world
-451;94;287;1615552968548;world
-384;68;208;1615990825620;world
-383;70;208;1615990851143;world
-382;72;208;1615990877365;world
-381;74;208;1615990913339;world
-442;80;273;1615546331301;world
-383;69;233;1615991089467;world
-382;71;233;1615991209723;world
-381;73;233;1615991268417;world
-171;63;456;1615550555981;world
-451;93;287;1615552960895;world
-383;69;208;1615990838624;world
-382;71;208;1615990851716;world
-381;73;208;1615990878644;world
-382;70;233;1615991191572;world
-381;72;233;1615991224466;world
-380;74;233;1615991271442;world
-170;64;456;1615550558538;world
-451;96;287;1615552982743;world
-385;68;208;1615990825416;world
-384;70;208;1615990850742;world
-383;72;208;1615990876042;world
-382;74;208;1615990912945;world
-384;69;233;1615991089095;world
-383;71;233;1615991209323;world
-382;73;233;1615991267769;world
-451;95;287;1615552982347;world
-384;69;208;1615990838395;world
-383;71;208;1615990851319;world
-382;73;208;1615990878464;world
-383;70;233;1615991191938;world
-382;72;233;1615991224818;world
-381;74;233;1615991270090;world
-386;68;208;1615990825013;world
-385;70;208;1615990850097;world
-384;72;208;1615990875848;world
-383;74;208;1615990912669;world
-385;69;233;1615991088165;world
-384;71;233;1615991208995;world
-383;73;233;1615991267316;world
-385;69;208;1615990838217;world
-384;71;208;1615990850925;world
-383;73;208;1615990876798;world
-384;70;233;1615991192220;world
-383;72;233;1615991228544;world
-382;74;233;1615991267969;world
-384;73;233;1615991258667;world
-387;68;208;1615990824818;world
-386;70;208;1615990849723;world
-385;72;208;1615990875715;world
-384;74;208;1615990912447;world
-386;69;233;1615991087871;world
-385;71;233;1615991208316;world
-383;74;233;1615991266496;world
-386;69;208;1615990837992;world
-385;71;208;1615990850576;world
-384;73;208;1615990876668;world
-385;70;233;1615991195293;world
-384;72;233;1615991228918;world
-386;71;233;1615991207674;world
-385;73;233;1615991258317;world
-388;68;208;1615990824596;world
-387;70;208;1615990849369;world
-386;72;208;1615990874744;world
-385;74;208;1615990912275;world
-387;69;233;1615991087694;world
-385;72;233;1615991229294;world
-384;74;233;1615991266096;world
-387;69;208;1615990837815;world
-386;71;208;1615990849919;world
-385;73;208;1615990876473;world
-386;70;233;1615991192919;world
-388;69;233;1615991081367;world
-387;71;233;1615991207274;world
-372;69;219;1615991350347;world
-386;73;233;1615991257466;world
-372;69;220;1615991351165;world
-372;69;221;1615991349696;world
-372;69;222;1615991349143;world
-372;69;231;1615991131294;world
-372;69;210;1615991387492;world
-389;68;208;1615990824418;world
-388;70;208;1615990848924;world
-387;72;208;1615990874557;world
-386;74;208;1615990912068;world
-387;70;233;1615991196970;world
-386;72;233;1615991231498;world
-385;74;233;1615991265616;world
-372;68;219;1615991345214;world
-372;68;220;1615991347594;world
-372;68;221;1615991347240;world
-372;68;222;1615991346891;world
-388;69;208;1615990837520;world
-387;71;208;1615990849515;world
-386;73;208;1615990875320;world
-372;71;220;1615991355443;world
-389;69;233;1615991081165;world
-372;71;221;1615991354467;world
-388;71;233;1615991206974;world
-372;71;222;1615991352670;world
-387;73;233;1615991256367;world
-372;71;231;1615991132944;world
-373;69;232;1615991100667;world
-372;71;210;1615991388523;world
-373;69;209;1615991401797;world
-390;68;208;1615990815869;world
-389;70;208;1615990848318;world
-388;72;208;1615990873759;world
-387;74;208;1615990911825;world
-372;71;219;1615991356416;world
-372;70;219;1615991356197;world
-388;70;233;1615991200466;world
-372;70;220;1615991355269;world
-387;72;233;1615991232669;world
-372;70;221;1615991354319;world
-386;74;233;1615991257919;world
-372;70;222;1615991352168;world
-372;70;231;1615991131745;world
-372;70;210;1615991387996;world
-389;69;208;1615990837116;world
-388;71;208;1615990849170;world
-387;73;208;1615990875144;world
-372;73;222;1615991359997;world
-390;69;233;1615991080947;world
-389;71;233;1615991206567;world
-388;73;233;1615991255820;world
-372;73;231;1615991293372;world
-373;71;232;1615991101644;world
-374;69;233;1615991120597;world
-372;73;210;1615991389644;world
-373;71;209;1615991402817;world
-374;69;208;1615991438966;world
-391;68;208;1615990811520;world
-390;70;208;1615990847947;world
-389;72;208;1615990873367;world
-372;73;219;1615991357315;world
-388;74;208;1615990911572;world
-372;73;220;1615991358465;world
-372;73;221;1615991359242;world
-372;72;221;1615991354677;world
-372;72;222;1615991353443;world
-389;70;233;1615991200793;world
-388;72;233;1615991235546;world
-387;74;233;1615991257117;world
-372;72;231;1615991133367;world
-373;70;232;1615991101147;world
-372;72;210;1615991389046;world
-373;70;209;1615991402296;world
-374;68;208;1615991438395;world
-390;69;208;1615990832967;world
-389;71;208;1615990848516;world
-388;73;208;1615990874968;world
-372;72;219;1615991356572;world
-372;72;220;1615991355676;world
-391;69;233;1615991080766;world
-390;71;233;1615991206168;world
-389;73;233;1615991254517;world
-373;73;232;1615991291743;world
-374;71;233;1615991136317;world
-375;69;233;1615991147267;world
-373;73;209;1615991403819;world
-374;71;208;1615991439768;world
-375;69;208;1615990840296;world
-392;68;208;1615987797519;world
-391;70;208;1615990847498;world
-390;72;208;1615990872968;world
-389;74;208;1615990911348;world
-372;74;223;1615991603969;world
-372;74;224;1615991604169;world
-372;74;225;1615991604369;world
-390;70;233;1615991201170;world
-372;74;226;1615991604721;world
-389;72;233;1615991235925;world
-372;74;227;1615991608141;world
-388;74;233;1615991256718;world
-372;74;228;1615991606245;world
-372;74;229;1615991605922;world
-372;74;230;1615991605721;world
-372;74;231;1615991293568;world
-373;72;232;1615991102164;world
-374;70;233;1615991121244;world
-372;74;210;1615991390217;world
-373;72;209;1615991403320;world
-374;70;208;1615991439369;world
-375;68;208;1615990827614;world
-372;74;211;1615991625618;world
-372;74;212;1615991625943;world
-372;74;213;1615991626218;world
-372;74;214;1615991626744;world
-372;74;215;1615991628425;world
-372;74;216;1615991627992;world
-372;74;217;1615991627746;world
-372;74;218;1615991627571;world
-391;69;208;1615990832370;world
-372;74;219;1615991357914;world
-390;71;208;1615990848128;world
-372;74;220;1615991358622;world
-389;73;208;1615990873571;world
-372;74;221;1615991359416;world
-372;74;222;1615991360144;world
-390;74;208;1615990911095;world
-392;69;233;1615991080570;world
-391;71;233;1615991205846;world
-390;73;233;1615991253121;world
-374;73;233;1615991290594;world
-375;71;233;1615991214391;world
-376;69;233;1615991147696;world
-374;74;208;1615991441341;world
-374;73;208;1615991440746;world
-375;71;208;1615990862765;world
-376;69;208;1615990840119;world
-392;70;208;1615990847119;world
-391;72;208;1615990872616;world
-391;70;233;1615991201597;world
-390;72;233;1615991236317;world
-389;74;233;1615991255621;world
-373;74;232;1615991291969;world
-374;72;233;1615991136767;world
-375;70;233;1615991170094;world
-373;74;209;1615991404418;world
-374;72;208;1615991440366;world
-375;70;208;1615990862543;world
-376;68;208;1615990827315;world
-392;69;208;1615990832147;world
-391;71;208;1615990847695;world
-390;73;208;1615990873168;world
-392;72;208;1615990871873;world
-391;74;208;1615990904927;world
-393;69;233;1615987488966;world
-392;71;233;1615991205345;world
-391;73;233;1615991252083;world
-375;73;233;1615991279972;world
-376;71;233;1615991212468;world
-377;69;208;1615990839920;world
-375;74;208;1615990915222;world
-376;72;208;1615990888743;world
-376;71;208;1615990862368;world
-377;69;233;1615991090893;world
-393;70;208;1615987792665;world
-391;73;208;1615990872821;world
-392;70;233;1615991203071;world
-391;72;233;1615991248467;world
-390;74;233;1615991253718;world
-374;74;233;1615991291068;world
-375;72;233;1615991221472;world
-376;70;233;1615991170729;world
-377;68;208;1615990827018;world
-375;73;208;1615990889772;world
-375;72;208;1615990889270;world
-376;70;208;1615990862165;world
-393;69;208;1615987792166;world
-392;71;208;1615990847319;world
-393;72;208;1615987793617;world
-392;74;208;1615990904543;world
-394;69;232;1615987488621;world
-393;71;233;1615987494067;world
-376;73;233;1615991276421;world
-392;73;233;1615988099367;world
-376;74;208;1615990914347;world
-378;69;208;1615990839615;world
-378;70;208;1615990860669;world
-377;72;208;1615990880193;world
-378;69;233;1615991090719;world
-377;71;233;1615991211546;world
-394;70;209;1615987785269;world
-393;71;208;1615987793165;world
-392;73;208;1615990872070;world
-393;70;233;1615987493067;world
-392;72;233;1615991240620;world
-375;74;233;1615991280172;world
-376;72;233;1615991221968;world
-391;74;233;1615991252347;world
-378;68;208;1615990826828;world
-376;73;208;1615990889047;world
-377;70;208;1615990861071;world
-377;71;208;1615990861321;world
-377;70;233;1615991176317;world
-394;69;209;1615987784766;world
-394;72;209;1615987786222;world
-393;74;208;1615987794717;world
-395;69;231;1615986387519;world
-394;71;232;1615987493366;world
-393;73;233;1615987496869;world
-380;68;208;1615990826425;world
-379;70;208;1615990860268;world
-378;72;208;1615990879466;world
-395;70;222;1615990462468;world
-377;74;208;1615990914132;world
-395;70;221;1615987181020;world
-395;70;220;1615987181418;world
-395;70;219;1615990480917;world
-379;69;233;1615991090497;world
-378;71;233;1615991211166;world
-377;73;233;1615991276024;world
-395;70;210;1615987811621;world
-394;71;209;1615987785718;world
-393;73;208;1615987794166;world
-376;74;233;1615991278817;world
-394;70;232;1615987491816;world
-393;72;233;1615987495318;world
-392;74;233;1615988099768;world
-379;68;208;1615990826617;world
-379;69;208;1615990839398;world
-378;71;208;1615990860871;world
-395;69;222;1615990461918;world
-377;73;208;1615990888369;world
-395;69;221;1615986627519;world
-395;69;220;1615986626322;world
-395;69;219;1615990480370;world
-378;70;233;1615991179444;world
-377;72;233;1615991222320;world
-395;69;210;1615987811082;world
-452;86;281;1615552238648;world
-395;72;210;1615987812576;world
-394;74;209;1615987787769;world
-395;71;231;1615987198068;world
-394;73;232;1615987497119;world
-381;68;208;1615990826221;world
-380;70;208;1615990854548;world
-379;72;208;1615990879319;world
-452;86;293;1615552241592;world
-378;74;208;1615990913875;world
-395;72;222;1615990467020;world
-395;72;221;1615987182722;world
-395;72;220;1615987183024;world
-395;72;219;1615990479267;world
-380;69;233;1615991090218;world
-379;71;233;1615991210799;world
-378;73;233;1615991275167;world
-451;88;289;1615552943992;world
-451;88;285;1615552937798;world
-395;71;210;1615987812116;world
-394;73;209;1615987786717;world
-395;70;231;1615986388138;world
-394;72;232;1615987494772;world
-393;74;233;1615987498122;world
-380;69;208;1615990839219;world
-379;71;208;1615990860467;world
-378;73;208;1615990888076;world
-395;71;222;1615990463217;world
-395;71;221;1615987181918;world
-395;71;220;1615987182219;world
-395;71;219;1615990479516;world
-451;87;289;1615552913742;world
-379;70;233;1615991190318;world
-378;72;233;1615991222824;world
-377;74;233;1615991277477;world
-451;87;285;1615552912992;world
-395;74;213;1615987221872;world
-451;90;285;1615552938850;world
-395;74;212;1615987221119;world
-395;74;211;1615987881974;world
-395;74;210;1615987813623;world
-395;73;231;1615987200072;world
-395;74;229;1615987235068;world
-395;74;228;1615987234267;world
-395;74;227;1615987233273;world
-382;68;208;1615990826027;world
-395;74;226;1615987232219;world
-381;70;208;1615990851894;world
-395;74;225;1615987231482;world
-380;72;208;1615990877796;world
-395;74;224;1615987230668;world
-379;74;208;1615990913685;world
-395;74;223;1615987229870;world
-395;74;222;1615987229123;world
-395;74;221;1615987184669;world
-395;74;220;1615987184919;world
-381;69;233;1615991089965;world
-395;74;219;1615987226717;world
-380;71;233;1615991210445;world
-395;74;218;1615987225919;world
-379;73;233;1615991271767;world
-395;74;217;1615987225124;world
-451;90;289;1615552944903;world
-395;74;216;1615987224268;world
-395;74;215;1615987223520;world
-395;74;214;1615987222717;world
-395;73;210;1615987813118;world
-459;73;267;1615553111293;world
-395;72;231;1615987198573;world
-394;74;232;1615987497665;world
-381;69;208;1615990839021;world
-380;71;208;1615990859918;world
-379;73;208;1615990883374;world
-395;73;222;1615990466721;world
-395;73;221;1615987183522;world
-395;73;220;1615987183867;world
-395;73;219;1615990478966;world
-380;70;233;1615991190869;world
-451;89;289;1615552944450;world
-379;72;233;1615991223198;world
-378;74;233;1615991275495;world
-451;89;285;1615552938347;world
-451;92;286;1615552940742;world
-451;92;287;1615552941443;world
-451;92;285;1615552939846;world
-383;68;208;1615990825819;world
-382;70;208;1615990851566;world
-381;72;208;1615990877567;world
-380;74;208;1615990913417;world
-382;69;233;1615991089792;world
-381;71;233;1615991210072;world
-380;73;233;1615991270495;world
-170;63;456;1615550558339;world
-451;92;288;1615552946895;world
-451;92;289;1615552946492;world
-451;91;285;1615552939347;world
-395;74;231;1615987202965;world
-395;74;230;1615987235871;world
-382;69;208;1615990838821;world
-381;71;208;1615990859548;world
-380;73;208;1615990878845;world
-381;70;233;1615991191170;world
-380;72;233;1615991224075;world
-451;91;289;1615552945346;world
-379;74;233;1615991272774;world
